ATP_Severe

0.0	40.0
4.019315355854288E-5	40.00010047965302
8.038630711708576E-5	40.00020095607527
1.9007897062982033E-4	40.00047515405799
2.997716341425549E-4	40.000749330653505
4.094642976552894E-4	40.00102348408123
5.19156961168024E-4	40.00129761374901
7.401968362848106E-4	40.00184993494508
0.0011377258016356045	40.002843010925
0.001851273787979953	40.00462474930854
0.0032946442146759582	40.008225756565935
0.004738014641371963	40.0118226086809
0.006181385068067968	40.015415310095605
0.007624755494763973	40.01900386548237
0.010696217032458693	40.02662646062927
0.013767678570153413	40.03423034717418
0.016839140107848132	40.04181556999186
0.019910601645542852	40.04938217612978
0.02298206318323757	40.05693021225711
0.029525954885061052	40.07294993484178
0.03843006967276741	40.09461332358634
0.047334184460473765	40.116122945324435
0.05623829924818012	40.13747989528336
0.06514241403588647	40.15868525686733
0.07404652882359283	40.179740104116455
0.0829506436112992	40.20064550419154
0.09185475839900556	40.22140251774839
0.10924080017769373	40.26150860916541
0.1266268419563819	40.30106073261326
0.1440128837350701	40.34006654115468
0.16139892551375828	40.378533580874105
0.19009105064236725	40.44085713572962
0.21878317577097622	40.501766429847784
0.2474753008995852	40.561293553834574
0.27616742602819416	40.6194698713857
0.30485955115680313	40.67632603571028
0.3335516762854121	40.73189200459609
0.36224380141402107	40.786197055692405
0.39093592654263004	40.8392698020299
0.4275279450714706	40.905211507021505
0.46411996360031127	40.96925083993283
0.5007119821291519	41.031442681104615
0.5373040006579926	41.09184032959033
0.5738960191868332	41.15049554815628
0.6104880377156738	41.20745860562897
0.6470800562445145	41.26277831947211
0.7157565471206859	41.36233118133309
0.7844330379968574	41.45656202279363
0.8347420507545985	41.522378641985576
0.8850510635123396	41.58559892645324
0.9353600762700808	41.64632529449771
1.0113680969751027	41.73355913376916
1.0637443850864998	41.79065734589231
1.116120673197897	41.84541251731791
1.1684969613092941	41.8979207937965
1.251756588990045	41.97699113586206
1.306217203954877	42.02593421748494
1.3606778189197088	42.07279071022209
1.4151384338845407	42.11764956993854
1.4695990488493726	42.16059596014867
1.5240596638142045	42.20171141535546
1.5785202787790364	42.241073994721106
1.6329808937438683	42.278758428922956
1.6874415087087002	42.31483626203336
1.7419021236735321	42.349375988027695
1.796362738638364	42.38244318110392
1.850823353603196	42.41410061994838
1.9052839685680278	42.444408406683365
1.9597445835328597	42.47342408098829
2.0142051984976916	42.50120272946778
2.0686658134625233	42.527797090279584
2.123126428427355	42.55325765321231
2.1775870433921867	42.577632755498655
2.2320476583570183	42.6009686735902
2.28650827332185	42.62330971103789
2.3409688882866817	42.64469828260993
2.3954295032515134	42.665174994807536
2.449890118216345	42.68477872294948
2.5043507331811767	42.70354668497907
2.5588113481460084	42.72151451212729
2.61327196311084	42.73871631656035
2.6677325780756718	42.755184756140146
2.7221931930405034	42.77095109642442
2.776653808005335	42.78604527002525
2.831114422970167	42.800495933437304
2.8855750379349985	42.81433052144277
2.94003565289983	42.8275752991963
2.994496267864662	42.840255412089505
3.0489568828294935	42.85239493348997
3.103417497794325	42.86401691044498
3.157878112759157	42.87514340743671
3.2123387277239885	42.885795548271815
3.26679934268882	42.895993556185296
3.321259957653652	42.90575679223458
3.3757205726184836	42.915103792056755
3.4301811875833152	42.92405230105878
3.484641802548147	42.93261930810732
3.5391024175129786	42.940821077782374
3.5935630324778103	42.94867318125579
3.648023647442642	42.95619052585335
3.7024842624074736	42.96338738335655
3.7569448773723053	42.970277417097726
3.811405492337137	42.97687370790014
3.8658661073019687	42.983188778912044
3.9203267222668003	42.989234619382096
3.974787337231632	42.99502270742107
4.029247952196464	43.00056403179324
4.083708567161295	43.005869112778676
4.138169182126127	43.010948022146145
4.192629797090959	43.01581040227452
4.24709041205579	43.02046548445894
4.301551027020622	43.02492210643657
4.356011641985454	43.029188729165156
4.410472256950285	43.03327345288629
4.464932871915117	43.03718403250379
4.519393486879949	43.0409278923065
4.5738541018447805	43.04451214006345
4.628314716809612	43.047943580518016
4.682775331774444	43.051228728306796
4.7372359467392755	43.05437382032778
4.791696561704107	43.05738482758117
4.846157176668939	43.06026746650539
4.9006177916337705	43.06302720982984
4.955078406598602	43.06566929696496
5.009539021563434	43.068198743949296
5.063999636528266	43.07062035297252
5.118460251493097	43.07293872149246
5.172920866457929	43.07515825096346
5.227381481422761	43.07728315519255
5.281842096387592	43.07931746833947
5.336302711352424	43.08126505257553
5.390763326317256	43.08312960541603
5.445223941282087	43.084914666740026
5.499684556246919	43.086623625510846
5.554145171211751	43.088259726210076
5.608605786176582	43.08982607499726
5.663066401141414	43.09132564560698
5.717527016106246	43.09276128499454
5.771987631071077	43.094135718740944
5.826448246035909	43.09545155622745
5.880908861000741	43.096711295589515
5.963003359391565	43.09850947834212
6.045097857782389	43.10019335861851
6.127192356173214	43.101770202252226
6.209286854564038	43.1032468132956
6.291381352954862	43.104629563112745
6.373475851345686	43.10592441792496
6.455570349736511	43.10713696474029
6.537664848127335	43.10827243551645
6.619759346518159	43.109335729663464
6.7018538449089835	43.110331435123896
6.783948343299808	43.11126384818017
6.866042841690632	43.112136992027125
6.948137340081456	43.11295463413998
7.030231838472281	43.11372030251601
7.112326336863105	43.11443730088689
7.194420835253929	43.11510872297679
7.2765153336447534	43.115737465857826
7.358609832035578	43.11632624245162
7.440704330426402	43.11687759323226
7.522798828817226	43.117393897186204
7.604893327208051	43.117877382077936
7.686987825598875	43.118330134063626
7.769082323989699	43.11875410669266
7.851176822380523	43.11915112933633
7.933271320771348	43.11952291508095
8.015365819162172	43.11987106811972
8.097460317552995	43.12019709067474
8.179554815943819	43.1205023894789
8.261649314334642	43.12078828184554
8.343743812725466	43.12105600135244
8.425838311116289	43.12130670316448
8.507932809507112	43.121541469018055
8.590027307897936	43.1217613118886
8.672121806288759	43.121967180361345
8.754216304679582	43.122159962724346
8.836310803070406	43.122340490801264
8.91840530146123	43.12250954354057
9.000499799852053	43.12266785037659
9.082594298242876	43.12281609437684
9.20612990179709	43.12302160393898
9.329665505351302	43.12320777441937
9.453201108905516	43.12337642580638
9.576736712459729	43.1235292068878
9.700272316013942	43.12366761112178
9.823807919568155	43.1237929912965
9.947343523122369	43.123906572932974
10.070879126676582	43.12400946631299
10.194414730230795	43.12410267725934
10.317950333785008	43.12418711691142
10.441485937339221	43.12426361064505
10.565021540893435	43.12433290617459
10.688557144447648	43.12439568086878
10.812092748001861	43.12445254835724
10.935628351556074	43.12450406451886
11.059163955110288	43.12455073291918
11.1826995586645	43.12459300973928
11.306235162218714	43.12463130823573
11.429770765772927	43.12466600277716
11.55330636932714	43.124697432502046
11.676841972881354	43.124725904634616
11.800377576435567	43.12475169748919
11.92391317998978	43.1247750631908
12.047448783543993	43.124796230139054
12.170984387098207	43.12481540524046
12.29451999065242	43.12483277593117
12.480901207884479	43.12485593987405
12.667282425116538	43.12487589490185
12.853663642348597	43.124893085658705
13.040044859580656	43.124907895251376
13.226426076812714	43.12492065354631
13.412807294044773	43.12493164459095
13.599188511276832	43.12494111312169
13.785569728508891	43.12494927005656
13.97195094574095	43.124956297114935
14.158332162973009	43.12496235081002
14.344713380205068	43.12496756595235
14.531094597437127	43.124972058687746
14.717475814669186	43.12497592908928
14.903857031901245	43.12497926336965
15.090238249133304	43.124982135791896
15.276619466365362	43.124984610328276
15.463000683597421	43.12498674209198
15.64938190082948	43.12498857856499
15.931863137627507	43.12499088864148
16.214344374425536	43.12499273127794
16.496825611223564	43.12499420115391
16.77930684802159	43.124995373840974
17.061788084819618	43.12499630946501
17.344269321617645	43.124997055879334
17.626750558415672	43.124997651296276
17.9092317952137	43.124998126276374
18.191713032011727	43.124998505212304
18.474194268809754	43.12499880752915
18.75667550560778	43.12499904870353
19.193330733857444	43.12499932901166
19.629985962107106	43.1249995264458
20.06664119035677	43.124999665634064
20.503296418606432	43.124999763972745
20.939951646856095	43.124999833497334
21.376606875105757	43.12499988255779
22.042898234742584	43.12499993072722
22.70918959437941	43.12499995855357
23.375480954016236	43.124999974935584
24.041772313653063	43.124999985002866
24.70806367328989	43.1249999912242
25.374355032926715	43.124999994855806
26.04064639256354	43.12499999687852
26.706937752200368	43.124999998080646
27.95090828013513	43.12499999921261
28.706937752200368	43.124999999574406
29.95090828013513	43.12499999993256
30.706937752200368	43.124999999983785
31.85077658643364	43.1249999999632
32.70693775220037	43.124999999958725
33.85077658643364	43.1249999999859
34.70693775220037	43.12500000000285
35.85077658643364	43.125000000007645
36.70693775220037	43.12500000000476
37.85077658643364	43.12500000000076
38.70693775220037	43.124999999999666
39.85077658643364	43.124999999999574
40.70693775220037	43.124999999999694
41.85077658643364	43.12499999999981
42.70693775220037	43.124999999999865
43.85077658643364	43.12499999999989
44.70693775220037	43.12499999999991
45.85077658643364	43.124999999999915
46.70693775220037	43.12499999999992
47.85077658643364	43.12499999999993
48.70693775220037	43.12499999999993
49.85077658643364	43.12499999999993
50.70693775220037	43.12499999999993
51.85077658643364	43.12499999999993
52.70693775220037	43.12499999999993
53.85077658643364	43.12499999999993
54.70693775220037	43.12499999999993
55.85077658643364	43.12499999999993
56.70693775220037	43.12499999999993
57.85077658643364	43.12499999999993
58.70693775220037	43.12499999999993
59.85077658643364	43.12499999999993
60.70693775220037	43.12499999999993
61.85077658643364	43.12499999999993
62.70693775220037	43.12499999999993
63.85077658643364	43.12499999999993
64.70693775220036	43.12499999999993
65.85077658643364	43.12499999999993
66.70693775220036	43.12499999999993
67.85077658643364	43.12499999999993
68.70693775220036	43.12499999999993
69.85077658643364	43.12499999999993
70.70693775220036	43.12499999999993
71.85077658643364	43.12499999999993
72.70693775220036	43.12499999999993
73.85077658643364	43.12499999999993
74.70693775220036	43.12499999999993
75.85077658643364	43.12499999999993
76.70693775220036	43.12499999999993
77.85077658643364	43.12499999999993
78.70693775220036	43.12499999999993
79.85077658643364	43.12499999999993
80.70693775220036	43.12499999999993
81.85077658643364	43.12499999999993
82.70693775220036	43.12499999999993
83.85077658643364	43.12499999999993
84.70693775220036	43.12499999999993
85.85077658643364	43.12499999999993
86.70693775220036	43.12499999999993
87.85077658643364	43.12499999999993
88.70693775220036	43.12499999999993
89.85077658643364	43.12499999999993
90.70693775220036	43.12499999999993
91.85077658643364	43.12499999999993
92.70693775220036	43.12499999999993
93.85077658643364	43.12499999999993
94.70693775220036	43.12499999999993
95.85077658643364	43.12499999999993
96.70693775220036	43.12499999999993
97.85077658643364	43.12499999999993
98.70693775220036	43.12499999999993
99.85077658643364	43.12499999999993
100.0	43.12499999999993
