ATP_Recovery

0.0	90.0
5.199140860492206E-5	90.0000259946231
1.0398281720984411E-4	90.00005198816505
2.458789597864561E-4	90.00012292496646
3.8777510236306803E-4	90.0001938546106
5.2967124493968E-4	90.00026477650177
6.715673875162919E-4	90.00033569044199
9.575967013057788E-4	90.00047861186705
0.0014726133307972527	90.0007358699247
0.00240348546051354	90.00120058491454
0.004418521254376109	90.0022053578312
0.006433557048238677	90.00320851259193
0.008448592842101246	90.0042100516276
0.010463628635963815	90.00520997748218
0.01435983383121154	90.00713883553894
0.018256039026459264	90.00906168997219
0.022152244221706988	90.01097855923139
0.02604844941695471	90.01288946246582
0.029944654612202436	90.01479441861791
0.037292360142402434	90.01837078541129
0.049725936012338864	90.02437492806251
0.062159511882275295	90.03031964299895
0.07459308775221173	90.03620552143427
0.08702666362214816	90.04203314618687
0.09946023949208459	90.04780309263649
0.11189381536202102	90.05351593067621
0.12432739123195745	90.05917222531458
0.1367609671018939	90.06477253635386
0.15689042255645944	90.07372194305069
0.17701987801102498	90.0825283866769
0.19714933346559052	90.09119415111508
0.23179029279726984	90.10578428908828
0.26643125212894914	90.11997564617845
0.30107221146062846	90.13377912118297
0.3357131707923078	90.14720531529387
0.3703541301239871	90.16026454047132
0.4049950894556664	90.17296682699825
0.43963604878734575	90.18532193092624
0.47427700811902507	90.19733934155047
0.5199681874931172	90.21268934694685
0.5656593668672094	90.2274883953812
0.6113505462413016	90.24175626105816
0.6570417256153938	90.2555120095815
0.7027329049894859	90.2687740232906
0.7484240843635781	90.28156002449155
0.7941152637376703	90.29388709863021
0.8859422804325626	90.31733922440777
0.977769297127455	90.3391302741919
1.036354895387843	90.35221942158603
1.094940493648231	90.36470925640138
1.153526091908619	90.37662721777508
1.212111690169007	90.38799948941237
1.270697288429395	90.39885105734082
1.329282886689783	90.40920576361738
1.387868484950171	90.41908635807611
1.446454083210559	90.42851454863937
1.505039681470947	90.4375110494663
1.563625279731335	90.44609562648374
1.622210877991723	90.45428714058959
1.680796476252111	90.46210358898736
1.739382074512499	90.46956214479758
1.797967672772887	90.47667919487039
1.856553271033275	90.4834703757868
1.915138869293663	90.48995060817067
1.973724467554051	90.49613412945325
2.032310065814439	90.50203452516807
2.090895664074827	90.50766475881393
2.1494812623352146	90.5130372003351
2.2080668605956024	90.51816365329081
2.26665245885599	90.52305538078558
2.325238057116378	90.52772313021788
2.3838236553767658	90.53217715689543
2.4424092536371536	90.53642724656616
2.5009948518975413	90.54048273691664
2.559580450157929	90.54435253808704
2.618166048418317	90.5480451522478
2.6767516466787047	90.55156869227989
2.7353372449390925	90.55493089959907
2.7939228431994803	90.55813916116402
2.852508441459868	90.56120052570579
2.911094039720256	90.56412171921436
2.9696796379806436	90.56690915971618
3.0282652362410314	90.56956897137482
3.086850834501419	90.57210699794611
3.145436432761807	90.57452881561714
3.2040220310221947	90.57683974525754
3.2626076292825825	90.5790448641097
3.3211932275429703	90.58114901694377
3.379778825803358	90.58315682670185
3.438364424063746	90.58507270465489
3.4969500223241337	90.58690086009452
3.5555356205845214	90.58864530958105
3.6141212188449092	90.59030988576812
3.672706817105297	90.59189824582322
3.731292415365685	90.59341387946272
3.7898780136260726	90.59486011661897
3.8484636118864604	90.59624013475636
3.907049210146848	90.59755696585232
3.965634808407236	90.59881350305884
4.024220406667624	90.60001250705884
4.0828060049280115	90.60115661213153
4.141391603188399	90.6022483319401
4.199977201448787	90.60329006505437
4.258562799709175	90.60428410022058
4.317148397969563	90.6052326213899
4.37573399622995	90.60613771251668
4.434319594490338	90.60700136213703
4.522448327189822	90.60822662001053
4.610577059889305	90.60936846814609
4.698705792588789	90.61043258481331
4.786834525288272	90.6114242618045
4.874963257987756	90.61234843049073
4.963091990687239	90.61320968639924
5.051220723386723	90.61401231224859
5.139349456086206	90.6147602992991
5.22747818878569	90.61545736712883
5.315606921485173	90.61610698207134
5.403735654184657	90.61671237446444
5.49186438688414	90.61727655474795
5.579993119583624	90.6178023284419
5.668121852283107	90.61829231008343
5.756250584982591	90.61874893621804
5.844379317682074	90.6191744775189
5.932508050381558	90.61957105008483
6.020636783081041	90.61994062596416
6.108765515780525	90.62028504295833
6.1968942484800085	90.620606013759
6.285022981179492	90.62090513446557
6.3731517138789755	90.62118389252336
6.461280446578459	90.62144367412034
6.5494091792779425	90.62168577107975
6.637537911977426	90.62191138728365
6.7256666446769096	90.62212164465967
6.813795377376393	90.62231758876031
6.901924110075877	90.62250019396213
6.99005284277536	90.622670368311
7.078181575474844	90.62282895803752
7.166310308174327	90.62297675176502
7.254439040873811	90.6231144844314
7.342567773573294	90.62324284094359
7.430696506272778	90.62336245958352
7.518825238972261	90.623473935182
7.606953971671745	90.62357782207677
7.739290692501974	90.6237206908583
7.871627413332204	90.62384920711636
8.003964134162434	90.62396481281796
8.136300854992664	90.62406880513457
8.268637575822893	90.62416235075203
8.400974296653123	90.62424649902285
8.533311017483353	90.6243221939172
8.665647738313583	90.62439028465995
8.797984459143812	90.62445153518465
8.930321179974042	90.62450663264816
9.062657900804272	90.62455619515383
9.194994621634502	90.62460077871988
9.327331342464731	90.62464088352385
9.459668063294961	90.62467695949891
9.59200478412519	90.62470941137188
9.72434150495542	90.62473860320765
9.85667822578565	90.62476486249994
9.98901494661588	90.62478848384625
10.12135166744611	90.62480973224966
10.25368838827634	90.62482884609025
10.38602510910657	90.62484603980033
10.518361829936799	90.62486150627132
10.650698550767029	90.62487541901774
10.783035271597258	90.62488793412331
10.915371992427488	90.62489919199162
11.117406347604232	90.62491423662358
11.319440702780977	90.62492703575244
11.521475057957721	90.62493792464026
11.723509413134465	90.62494718857246
11.92554376831121	90.62495507008623
12.127578123487954	90.62496177539447
12.329612478664698	90.62496747996947
12.531646833841442	90.62497233317961
12.733681189018187	90.62497646212
12.935715544194931	90.6249799748833
13.137749899371675	90.62498296340753
13.33978425454842	90.62498550591927
13.541818609725164	90.62498766898669
13.743852964901908	90.62498950924513
13.945887320078652	90.62499107487007
14.147921675255397	90.62499240684329
14.453416657674191	90.624994053063
14.758911640092986	90.62499534214928
15.06440662251178	90.6249963516842
15.369901604930575	90.62499714246776
15.67539658734937	90.62499776193941
15.980891569768165	90.62499824713493
16.286386552186958	90.62499862710565
16.59188153460575	90.6249989246886
16.897376517024544	90.62499915778182
17.202871499443336	90.62499934036482
17.50836648186213	90.62499948336581
17.99399034885864	90.62499964951354
18.479614215855154	90.62499976192738
18.965238082851666	90.62499983811372
19.45086194984818	90.62499988997996
19.93648581684469	90.624999925346
20.422109683841203	90.62499994936162
21.259379777232745	90.62499997356984
22.096649870624287	90.62499998512378
22.93391996401583	90.62499999101443
23.77119005740737	90.62499999485044
24.608460150798912	90.62499999746125
25.445730244190454	90.6249999987848
26.283000337581996	90.62499999922431
27.120270430973537	90.6249999994497
28.283000337581996	90.6249999996948
29.120270430973537	90.62499999984425
30.283000337581996	90.62499999998353
31.120270430973537	90.62500000001239
32.283000337581996	90.62499999999527
33.120270430973534	90.62499999998624
34.283000337581996	90.62499999999272
35.120270430973534	90.62499999999967
36.283000337581996	90.62500000000371
37.120270430973534	90.62500000000293
38.283000337581996	90.62500000000094
39.120270430973534	90.62500000000017
40.283000337581996	90.62499999999984
41.120270430973534	90.62499999999986
42.283000337581996	90.62499999999989
43.120270430973534	90.62499999999991
44.283000337581996	90.62499999999994
45.120270430973534	90.62499999999996
46.283000337581996	90.62499999999997
47.120270430973534	90.62499999999997
48.283000337581996	90.62499999999997
49.120270430973534	90.62499999999997
50.283000337581996	90.62499999999997
51.120270430973534	90.62499999999997
52.283000337581996	90.62499999999997
53.120270430973534	90.62499999999997
54.283000337581996	90.62499999999997
55.120270430973534	90.62499999999997
56.283000337581996	90.62499999999997
57.120270430973534	90.62499999999997
58.283000337581996	90.62499999999997
59.120270430973534	90.62499999999997
60.283000337581996	90.62499999999997
61.120270430973534	90.62499999999997
62.283000337581996	90.62499999999997
63.120270430973534	90.62499999999997
64.283000337582	90.62499999999997
65.12027043097353	90.62499999999997
66.283000337582	90.62499999999997
67.12027043097353	90.62499999999997
68.283000337582	90.62499999999997
69.12027043097353	90.62499999999997
70.283000337582	90.62499999999997
71.12027043097353	90.62499999999997
72.283000337582	90.62499999999997
73.12027043097353	90.62499999999997
74.283000337582	90.62499999999997
75.12027043097353	90.62499999999997
76.283000337582	90.62499999999997
77.12027043097353	90.62499999999997
78.283000337582	90.62499999999997
79.12027043097353	90.62499999999997
80.283000337582	90.62499999999997
81.12027043097353	90.62499999999997
82.283000337582	90.62499999999997
83.12027043097353	90.62499999999997
84.283000337582	90.62499999999997
85.12027043097353	90.62499999999997
86.283000337582	90.62499999999997
87.12027043097353	90.62499999999997
88.283000337582	90.62499999999997
89.12027043097353	90.62499999999997
90.283000337582	90.62499999999997
91.12027043097353	90.62499999999997
92.283000337582	90.62499999999997
93.12027043097353	90.62499999999997
94.283000337582	90.62499999999997
95.12027043097353	90.62499999999997
96.283000337582	90.62499999999997
97.12027043097353	90.62499999999997
98.283000337582	90.62499999999997
99.12027043097353	90.62499999999997
100.0	90.62499999999997