ROS_Severe

0.0	50.0
4.019315355854288E-5	50.00006028779181
8.038630711708576E-5	50.00012057364516
1.9007897062982033E-4	50.000285092434794
2.997716341425549E-4	50.0004495983921
4.094642976552894E-4	50.000614090448735
5.19156961168024E-4	50.00077856824941
7.401968362848106E-4	50.00110996096705
0.0011377258016356045	50.001705806555
0.001851273787979953	50.00277484958513
0.0032946442146759582	50.00493545393957
0.004738014641371963	50.00709356520855
0.006181385068067968	50.009249186057374
0.007624755494763973	50.01140231928944
0.010696217032458693	50.015975876377574
0.013767678570153413	50.02053820830452
0.016839140107848132	50.025089341995134
0.019910601645542852	50.02962930567789
0.02298206318323757	50.03415812735428
0.029525954885061052	50.04376996090508
0.03843006967276741	50.05676799415181
0.047334184460473765	50.06967376719467
0.05623829924818012	50.08248793717003
0.06514241403588647	50.09521115412041
0.07404652882359283	50.107844062469894
0.0829506436112992	50.12038730251494
0.09185475839900556	50.132841510649044
0.10924080017769373	50.15690516549926
0.1266268419563819	50.18063643956797
0.1440128837350701	50.204039924692815
0.16139892551375828	50.22712014852448
0.19009105064236725	50.26451428143778
0.21878317577097622	50.30105985790868
0.2474753008995852	50.336776132300756
0.27616742602819416	50.371681922831435
0.30485955115680313	50.405795621426186
0.3335516762854121	50.43913520275767
0.36224380141402107	50.47171823341546
0.39093592654263004	50.503561881217955
0.4275279450714706	50.54312690421292
0.46411996360031127	50.58155050395972
0.5007119821291519	50.61886560866279
0.5373040006579926	50.65510419775422
0.5738960191868332	50.690297328893784
0.6104880377156738	50.7244751633774
0.6470800562445145	50.75766699168328
0.7157565471206859	50.817398708799864
0.7844330379968574	50.873937213676186
0.8347420507545985	50.91342718519135
0.8850510635123396	50.95135935587195
0.9353600762700808	50.98779517669863
1.0113680969751027	51.040135480261505
1.0637443850864998	51.074394407535394
1.116120673197897	51.107247510390756
1.1684969613092941	51.13875247627791
1.251756588990045	51.18619468151724
1.306217203954877	51.215560530490976
1.3606778189197088	51.24367442613326
1.4151384338845407	51.270589741963136
1.4695990488493726	51.296357576089214
1.5240596638142045	51.32102684921329
1.5785202787790364	51.34464439683267
1.6329808937438683	51.36725505735379
1.6874415087087002	51.388901757220026
1.7419021236735321	51.409625592816624
1.796362738638364	51.42946590866236
1.850823353603196	51.448460371969034
1.9052839685680278	51.46664504401002
1.9597445835328597	51.48405444859297
2.0142051984976916	51.50072163768067
2.0686658134625233	51.51667825416776
2.123126428427355	51.531954591927395
2.1775870433921867	51.546579653299204
2.2320476583570183	51.56058120415413
2.28650827332185	51.573985826622746
2.3409688882866817	51.58681896956597
2.3954295032515134	51.59910499688453
2.449890118216345	51.6108672337697
2.5043507331811767	51.622128010987446
2.5588113481460084	51.63290870727638
2.61327196311084	51.643229789936214
2.6677325780756718	51.65311085368409
2.7221931930405034	51.66257065785465
2.776653808005335	51.67162716201515
2.831114422970167	51.680297560062385
2.8855750379349985	51.688598312865665
2.94003565289983	51.696545179517784
2.994496267864662	51.70415324725371
3.0489568828294935	51.711436960093984
3.103417497794325	51.71841014626699
3.157878112759157	51.725086044462024
3.2123387277239885	51.731477328963095
3.26679934268882	51.737596133711186
3.321259957653652	51.74345407534075
3.3757205726184836	51.74906227523405
3.4301811875833152	51.75443138063526
3.484641802548147	51.75957158486439
3.5391024175129786	51.764492646669424
3.5935630324778103	51.769203908753475
3.648023647442642	51.77371431551201
3.7024842624074736	51.77803243001392
3.7569448773723053	51.78216645025863
3.811405492337137	51.78612422474007
3.8658661073019687	51.78991326734722
3.9203267222668003	51.793540771629246
3.974787337231632	51.79701362445263
4.029247952196464	51.800338419075935
4.083708567161295	51.80352146766719
4.138169182126127	51.80656881328767
4.192629797090959	51.809486241364695
4.24709041205579	51.81227929067535
4.301551027020622	51.81495326386193
4.356011641985454	51.817513237499085
4.410472256950285	51.81996407173177
4.464932871915117	51.822310419502266
4.519393486879949	51.824556735383894
4.5738541018447805	51.826707284038065
4.628314716809612	51.828766148310805
4.682775331774444	51.83073723698407
4.7372359467392755	51.832624292196655
4.791696561704107	51.83443089654868
4.846157176668939	51.836160479903214
4.9006177916337705	51.83781632589789
4.955078406598602	51.839401578178965
5.009539021563434	51.840919246369566
5.063999636528266	51.8423722117835
5.118460251493097	51.84376323289547
5.172920866457929	51.845094950578066
5.227381481422761	51.84636989311553
5.281842096387592	51.84759048100368
5.336302711352424	51.84875903154531
5.390763326317256	51.849877763249616
5.445223941282087	51.85094880004401
5.499684556246919	51.8519741753065
5.554145171211751	51.852955835726036
5.608605786176582	51.85389564499834
5.663066401141414	51.85479538736417
5.717527016106246	51.8556567709967
5.771987631071077	51.856481431244546
5.826448246035909	51.85727093373645
5.880908861000741	51.858026777353686
5.963003359391565	51.859105687005254
6.045097857782389	51.86011601517109
6.127192356173214	51.86106212135132
6.209286854564038	51.861948087977346
6.291381352954862	51.86277773786763
6.373475851345686	51.86355465075496
6.455570349736511	51.86428217884416
6.537664848127335	51.86496346130985
6.619759346518159	51.86560143779806
6.7018538449089835	51.866198861074324
6.783948343299808	51.86675830890809
6.866042841690632	51.86728219521626
6.948137340081456	51.867772780483975
7.030231838472281	51.86823218150959
7.112326336863105	51.868662380532115
7.194420835253929	51.86906523378605
7.2765153336447534	51.86944247951467
7.358609832035578	51.86979574547094
7.440704330426402	51.87012655593932
7.522798828817226	51.870436338311684
7.604893327208051	51.87072642924673
7.686987825598875	51.87099808043815
7.769082323989699	51.87125246401557
7.851176822380523	51.87149067760178
7.933271320771348	51.87171374904855
8.015365819162172	51.871922640871816
8.097460317552995	51.872118254404825
8.179554815943819	51.87230143368732
8.261649314334642	51.87247296910731
8.343743812725466	51.87263360081145
8.425838311116289	51.87278402189867
8.507932809507112	51.87292488141081
8.590027307897936	51.87305678713313
8.672121806288759	51.87318030821678
8.754216304679582	51.873295977634584
8.836310803070406	51.873404294480736
8.91840530146123	51.87350572612432
9.000499799852053	51.87360071022593
9.082594298242876	51.87368965662608
9.20612990179709	51.87381296236337
9.329665505351302	51.8739246646516
9.453201108905516	51.874025855483794
9.576736712459729	51.87411752413265
9.700272316013942	51.87420056667304
9.823807919568155	51.874275794777866
9.947343523122369	51.874343943759754
10.070879126676582	51.87440567978776
10.194414730230795	51.874461606355574
10.317950333785008	51.87451227014682
10.441485937339221	51.874558166387004
10.565021540893435	51.87459974370473
10.688557144447648	51.874637408521245
10.812092748001861	51.874671529014314
10.935628351556074	51.87470243871129
11.059163955110288	51.87473043975148
11.1826995586645	51.87475580584354
11.306235162218714	51.87477878494141
11.429770765772927	51.874799601666275
11.55330636932714	51.874818459501206
11.676841972881354	51.87483554278075
11.800377576435567	51.874851018493494
11.92391317998978	51.87486503791446
12.047448783543993	51.874877738083406
12.170984387098207	51.87488924314425
12.29451999065242	51.87489966555868
12.480901207884479	51.87491356392441
12.667282425116538	51.874925536941085
12.853663642348597	51.87493585139519
13.040044859580656	51.8749447371508
13.226426076812714	51.87495239212777
13.412807294044773	51.87495898675455
13.599188511276832	51.874964667872995
13.785569728508891	51.87496956203392
13.97195094574095	51.874973778268945
14.158332162973009	51.874977410486
14.344713380205068	51.874980539571396
14.531094597437127	51.87498323521263
14.717475814669186	51.874985557453556
14.903857031901245	51.87498755802178
15.090238249133304	51.87498928147512
15.276619466365362	51.87499076619695
15.463000683597421	51.874992045255176
15.64938190082948	51.87499314713898
15.931863137627507	51.874994533184875
16.214344374425536	51.874995638766755
16.496825611223564	51.87499652069234
16.77930684802159	51.87499722430458
17.061788084819618	51.874997785679
17.344269321617645	51.87499823352759
17.626750558415672	51.87499859077776
17.9092317952137	51.87499887576581
18.191713032011727	51.874999103127365
18.474194268809754	51.87499928451748
18.75667550560778	51.87499942922211
19.193330733857444	51.87499959740698
19.629985962107106	51.87499971586747
20.06664119035677	51.87499979938043
20.503296418606432	51.87499985838364
20.939951646856095	51.87499990009839
21.376606875105757	51.87499992953467
22.042898234742584	51.87499995843633
22.70918959437941	51.87499997513214
23.375480954016236	51.87499998496135
24.041772313653063	51.874999991001715
24.70806367328989	51.87499999473452
25.374355032926715	51.87499999691349
26.04064639256354	51.874999998127116
26.706937752200368	51.874999998848395
27.95090828013513	51.87499999952757
28.706937752200368	51.874999999744645
29.95090828013513	51.87499999995954
30.706937752200368	51.87499999999028
31.85077658643364	51.87499999997793
32.70693775220037	51.874999999975245
33.85077658643364	51.87499999999155
34.70693775220037	51.87500000000172
35.85077658643364	51.8750000000046
36.70693775220037	51.87500000000286
37.85077658643364	51.87500000000046
38.70693775220037	51.8749999999998
39.85077658643364	51.874999999999744
40.70693775220037	51.874999999999815
41.85077658643364	51.87499999999988
42.70693775220037	51.874999999999915
43.85077658643364	51.87499999999993
44.70693775220037	51.874999999999936
45.85077658643364	51.874999999999936
46.70693775220037	51.87499999999994
47.85077658643364	51.87499999999994
48.70693775220037	51.87499999999994
49.85077658643364	51.87499999999994
50.70693775220037	51.87499999999994
51.85077658643364	51.87499999999994
52.70693775220037	51.87499999999994
53.85077658643364	51.87499999999994
54.70693775220037	51.87499999999994
55.85077658643364	51.87499999999994
56.70693775220037	51.87499999999994
57.85077658643364	51.87499999999994
58.70693775220037	51.87499999999994
59.85077658643364	51.87499999999994
60.70693775220037	51.87499999999994
61.85077658643364	51.87499999999994
62.70693775220037	51.87499999999994
63.85077658643364	51.87499999999994
64.70693775220036	51.87499999999994
65.85077658643364	51.87499999999994
66.70693775220036	51.87499999999994
67.85077658643364	51.87499999999994
68.70693775220036	51.87499999999994
69.85077658643364	51.87499999999994
70.70693775220036	51.87499999999994
71.85077658643364	51.87499999999994
72.70693775220036	51.87499999999994
73.85077658643364	51.87499999999994
74.70693775220036	51.87499999999994
75.85077658643364	51.87499999999994
76.70693775220036	51.87499999999994
77.85077658643364	51.87499999999994
78.70693775220036	51.87499999999994
79.85077658643364	51.87499999999994
80.70693775220036	51.87499999999994
81.85077658643364	51.87499999999994
82.70693775220036	51.87499999999994
83.85077658643364	51.87499999999994
84.70693775220036	51.87499999999994
85.85077658643364	51.87499999999994
86.70693775220036	51.87499999999994
87.85077658643364	51.87499999999994
88.70693775220036	51.87499999999994
89.85077658643364	51.87499999999994
90.70693775220036	51.87499999999994
91.85077658643364	51.87499999999994
92.70693775220036	51.87499999999994
93.85077658643364	51.87499999999994
94.70693775220036	51.87499999999994
95.85077658643364	51.87499999999994
96.70693775220036	51.87499999999994
97.85077658643364	51.87499999999994
98.70693775220036	51.87499999999994
99.85077658643364	51.87499999999994
100.0	51.87499999999994