SleepFactor_Mild

0.0	2.0
4.50144360601363E-5	1.9999279794958735
9.00288721202726E-5	1.9998559615852238
2.1288106071911105E-4	1.999659425117112
3.357332493179495E-4	1.999462905817607
4.585854379167879E-4	1.9992664051159263
5.814376265156263E-4	1.9990699234872262
8.290294221845506E-4	1.9986740002074432
0.001274525334582128	1.997961806401122
0.0020764245823619663	1.99668048624546
0.0037407433544776316	1.9940237642142302
0.005405062126593297	1.9913705766395857
0.007069380898708962	1.988720919150309
0.008733699670824628	1.9860747871599655
0.012143037500837402	1.9806652026768339
0.015552375330850176	1.9752703540904977
0.01896171316086295	1.9698902020146567
0.022371050990875725	1.9645247053184538
0.0257803888208885	1.9591738232465148
0.032671005785882	1.9484036038762567
0.04261280899109318	1.9329685548347528
0.05255461219630436	1.9176557816566098
0.06249641540151554	1.9024643119994828
0.07243821860672672	1.8873931849023602
0.0823800218119379	1.8724414487649261
0.09232182501714908	1.8576081589466567
0.10226362822236026	1.8428923772897945
0.11998310491714884	1.816952597400666
0.1377025816119374	1.7913779351776071
0.15542205830672598	1.7661632505854625
0.17314153500151455	1.7413034767619702
0.21902454793900233	1.6785453262954393
0.24576700215558972	1.6430159965703546
0.2725094563721771	1.6082387094018538
0.2992519105887645	1.5741975447108132
0.3259943648053519	1.5408769200483554
0.35273681902193926	1.5082615838584734
0.37947927323852665	1.476336607794722
0.40622172745511403	1.445087379371895
0.44932015644423884	1.3961117385886546
0.4924185854333636	1.3487959332449189
0.5355170144224883	1.3030837151492396
0.5786154434116131	1.2589207411029086
0.6217138724007378	1.216254503593564
0.6648123013898626	1.1750342726358267
0.7079107303789873	1.1352110401513016
0.7510091593681121	1.0967374614275738
0.7941075883572368	1.0595677961858165
0.8657900628430845	1.0005152435303761
0.9166831767525127	0.9605978987450043
0.9675762906619408	0.9222731254481119
1.018469404571369	0.8854773867616481
1.069362518480797	0.8501496807505557
1.1395262595531501	0.8037445067578702
1.2096900006255031	0.7598723492450822
1.2607720114838328	0.7294456422635522
1.3118540223421624	0.7002372750740153
1.4048044307451397	0.6500562591173936
1.497754839148117	0.6034713658399621
1.5594664308589885	0.5744018993411336
1.62117802256986	0.546732719374529
1.6828896142807315	0.520396374892379
1.744601205991603	0.4953286638422493
1.8063127977024744	0.47146847544827514
1.868024389413346	0.44875764216458797
1.9297359811242174	0.4271407988824278
1.9914475728350889	0.40656524790928533
2.0531591645459604	0.38698082996697886
2.1148707562568316	0.36833980171548186
2.176582347967703	0.3505967195533795
2.238293939678574	0.33370832901406855
2.3000055313894454	0.3176334592971242
2.3617171231003167	0.30233292280065005
2.423428714811188	0.2877694195582084
2.485140306522059	0.27390744634666525
2.5468518982329305	0.2607132101674191
2.6085634899438017	0.24815454585878355
2.670275081654673	0.23620083766431144
2.7319866733655442	0.22482294459249816
2.7936982650764155	0.21399312938395265
2.8554098567872868	0.20368499089848774
2.917121448498158	0.19387339975229784
2.9788330402090293	0.18453443705356048
3.0405446319199005	0.1756453360918436
3.102256223630772	0.16718442683847232
3.163967815341643	0.1591310831198552
3.2256794070525143	0.15146567233421634
3.2873909987633856	0.14416950759020572
3.349102590474257	0.13722480215154345
3.410814182185128	0.1306146260764526
3.4725257738959994	0.12432286494567137
3.5342373656068706	0.1183341805783181
3.595948957317742	0.11263397364005076
3.657660549028613	0.10720834805251092
3.7193721407394844	0.102044077117243
3.7810837324503557	0.0971285712714118
3.842795324161227	0.09244984739669725
3.904506915872098	0.08799649960658801
3.9662185075829695	0.08375767144088368
4.027930099293841	0.07972302939961008
4.089641691004712	0.07588273775181102
4.151353282715584	0.07222743455780331
4.213064874426455	0.06874820884644936
4.274776466137326	0.06543657889181409
4.3364880578481975	0.062284471536246055
4.398199649559069	0.05928420250947315
4.45991124126994	0.05642845769573434
4.521622832980811	0.05371027530328147
4.5833344246916825	0.05112302889278441
4.645046016402554	0.04866041122326525
4.706757608113425	0.0463164188761804
4.768469199824296	0.044085337620166774
4.8301807915351676	0.041961728480774355
4.891892383246039	0.03994041448122562
4.95360397495691	0.03801646802187827
5.015315566667781	0.03618519886762435
5.077027158378653	0.03444214271394145
5.138738750089524	0.03278305030372192
5.200450341800395	0.03120387706834901
5.262161933511266	0.029700773267766763
5.323873525222138	0.028270074605506783
5.385585116933009	0.02690829329579311
5.44729670864388	0.025612109560948386
5.509008300354751	0.02437836353837353
5.570719892065623	0.023204047577371587
5.632431483776494	0.022086298907036762
5.694143075487365	0.021022392657334348
5.786780686331841	0.01952075215007255
5.879418297176318	0.018126375031488978
5.972055908020794	0.01683159918485213
6.06469351886527	0.015629309692393303
6.157331129709746	0.01451290014730879
6.249968740554222	0.013476236262896983
6.3426063513986985	0.012513621876311729
6.435243962243175	0.01161976756565044
6.527881573087651	0.010789761699710467
6.620519183932127	0.010019043541690753
6.713156794776603	0.009303378169970927
6.8057944056210795	0.008638833153677009
6.898432016465556	0.008021756932152896
6.991069627310032	0.007448758773100872
7.083707238154508	0.006916690157075341
7.176344848998984	0.006422627471886789
7.2689824598434605	0.005963855937614352
7.361620070687937	0.005537854687721426
7.454257681532413	0.005142282921939052
7.546895292376889	0.004774967046759514
7.639532903221365	0.004433888730738875
7.732170514065841	0.00411717381222537
7.824808124910318	0.0038230820010112542
7.917445735754794	0.003549997316669052
8.01008334659927	0.0032964192095066166
8.102720957443747	0.003060954315052958
8.195358568288224	0.0028423087974258137
8.287996179132701	0.0026392812399361194
8.380633789977178	0.002450756043704003
8.473271400821655	0.0022756972977272596
8.565909011666132	0.0021131430866832344
8.65854662251061	0.001962200205318044
8.751184233355087	0.0018220392504528541
8.843821844199564	0.001691890063601623
8.93645945504404	0.0015710374991054169
9.07695276073412	0.001404023114993674
9.217446066424198	0.001254764150372685
9.357939372114277	0.0011213728260564045
9.498432677804356	0.0010021619462848982
9.638925983494435	8.956239585365194E-4
9.779419289184514	8.00411788892474E-4
9.919912594874592	7.153215164878973E-4
10.060405900564671	6.392770713500718E-4
10.20089920625475	5.713167456154845E-4
10.341392511944829	5.105811232200532E-4
10.481885817634907	4.563021893342294E-4
10.622379123324986	4.077935624372546E-4
10.762872429015065	3.6444180358765596E-4
10.903365734705144	3.256986835874104E-4
11.043859040395223	2.910742660280452E-4
11.184352346085301	2.6013070546196913E-4
11.32484565177538	2.324766997498598E-4
11.465338957465459	2.0776254052802531E-4
11.605832263155538	1.8567569595517305E-4
11.746325568845617	1.6593686123092722E-4
11.886818874535695	1.4829642506304614E-4
12.027312180225774	1.3253131110821265E-4
12.167805485915853	1.1844215694625198E-4
12.379537849470779	9.998710662189537E-5
12.591270213025705	8.440799334067361E-5
12.803002576580631	7.125647588517534E-5
13.014734940135558	6.0153990659022505E-5
13.226467303690484	5.078123029966646E-5
13.43819966724541	4.2868834353000864E-5
13.649932030800336	3.618935481897851E-5
13.861664394355262	3.055065419232276E-5
14.073396757910189	2.5790506720216136E-5
14.285129121465115	2.177201856685859E-5
14.496861485020041	1.8379660464242828E-5
14.708593848574967	1.5515888679485275E-5
14.920326212129893	1.3098333237896696E-5
15.13205857568482	1.105745636964804E-5
15.343790939239746	9.334567323384838E-6
15.555523302794672	7.880126112538848E-6
15.882987088928125	6.064244892072661E-6
16.21045087506158	4.667180598407824E-6
16.537914661195032	3.5921761290502305E-6
16.865378447328485	2.764699589806474E-6
17.19284223346194	2.1276846702116507E-6
17.52030601959539	1.6374148115361441E-6
17.847769805728845	1.2601761942233654E-6
18.1752335918623	9.698839646259087E-7
18.50269737799575	7.464420884919683E-7
18.830161164129205	5.744485314692484E-7
19.321785152828127	3.878033628332899E-7
19.81340914152705	2.621004251562639E-7
20.305033130225972	1.7733780763382373E-7
20.796657118924895	1.1994596576201446E-7
21.288281107623817	8.101387668372983E-8
21.77990509632274	5.4695861253976815E-8
22.60213789661291	2.8826168255848535E-8
23.42437069690308	1.6198408127564242E-8
24.24660349719325	9.660866536960892E-9
25.06883629748342	5.5081162956460946E-9
25.89106909777359	2.7667710487372276E-9
26.713301898063758	1.364577538291445E-9
27.535534698353928	8.544428386724743E-10
28.357767498644098	5.844456735665284E-10
29.180000298934267	2.8620577920987383E-10
30.002233099224437	6.95570520908601E-11
30.824465899514607	2.3722451610037788E-11
31.646698699804777	5.616151760953544E-11
32.82446589951461	1.146139811137312E-10
33.64669869980477	7.545476765292075E-11
34.82446589951461	-4.141553275702032E-11
35.64669869980477	-3.807858881879003E-11
36.82446589951461	6.657401254929169E-11
37.64669869980477	5.686544375477922E-11
38.46893150009494	2.7415294285172253E-12
39.64669869980477	-7.448655545485708E-11
40.46893150009494	-5.0750814319709E-11
41.64669869980477	2.0356284585150714E-11
42.46893150009494	2.3655051126544228E-11
43.64669869980477	-7.036429794076588E-12
44.46893150009494	-1.0922135189600547E-11
45.64669869980477	1.123438990720699E-12
46.46893150009494	3.758610454187782E-12
47.64669869980477	2.75546265606847E-13
48.46893150009494	-9.476827838195013E-13
49.64669869980477	-3.7117278029721083E-13
50.46893150009494	4.058919118639913E-14
51.64669869980477	2.5298751075806556E-13
52.46893150009494	1.872234121421068E-13
53.64669869980477	5.1185515198352916E-14
54.46893150009494	1.833362355892179E-14
55.64669869980477	-9.119259115669757E-16
56.46893150009494	-2.7654870145713247E-15
57.64669869980477	-1.4238839569754785E-15
58.46893150009494	-8.589068495143108E-16
59.64669869980477	-4.4223085377580496E-16
60.46893150009494	-2.6675987710502863E-16
61.64669869980477	-1.3734836120121085E-16
62.46893150009494	-8.285046518528703E-17
63.64669869980477	-4.265774801461939E-17
64.46893150009494	-2.573175417499494E-17
65.64669869980477	-1.3248672570712276E-17
66.46893150009494	-7.991785820895456E-18
67.64669869980477	-4.114781793586202E-18
68.46893150009494	-2.482094309339026E-18
69.64669869980477	-1.2779717453548794E-18
70.46893150009494	-7.708905491867747E-19
71.64669869980477	-3.969133392373609E-19
72.46893150009494	-2.3942371431637496E-19
73.64669869980477	-1.2327361652334892E-19
74.46893150009494	-7.436038103920313E-20
75.64669869980477	-3.8286404180681844E-20
76.46893150009494	-2.309489803081425E-20
77.64669869980477	-1.1891017611289839E-20
78.46893150009494	-7.172829235134102E-21
79.64669869980477	-3.693120387193462E-21
80.46893150009494	-2.2277422124898872E-21
81.64669869980477	-1.147011857198362E-21
82.46893150009494	-6.918937008844815E-22
83.64669869980477	-3.5623972755283935E-22
84.46893150009494	-2.1488881911007796E-22
85.64669869980477	-1.1064117837185896E-22
86.46893150009494	-6.674031649586234E-23
87.64669869980477	-3.436301290197238E-23
88.46893150009494	-2.0728253176351038E-23
89.64669869980477	-1.0672488066167019E-23
90.46893150009494	-6.4377950585467215E-24
91.64669869980477	-3.314668648159767E-24
92.46893150009494	-1.999454795502673E-24
93.64669869980477	-1.029472057403691E-24
94.46893150009494	-6.209920388738049E-25
95.64669869980477	-3.197341361898642E-25
96.46893150009494	-1.9286813245892642E-25
97.64669869980477	-9.930324685344112E-26
98.46893150009494	-5.99011165838041E-26
99.64669869980477	-3.0841670373850027E-26
100.0	-2.4045441716019713E-26
