SleepFactor_Recovery

0.0	1.0
5.199140860492206E-5	0.9999584086030323
1.0398281720984411E-4	0.9999168189359089
2.458789597864561E-4	0.9998033200536672
3.8777510236306803E-4	0.9996898326230415
5.2967124493968E-4	0.9995763575971774
6.715673875162919E-4	0.9994628952928278
9.575967013057788E-4	0.9992342210127324
0.0014726133307972527	0.9988226081205098
0.00240348546051354	0.998079064136756
0.004418521254376109	0.9964714274701011
0.006433557048238677	0.994866379852942
0.008448592842101246	0.9932639173958597
0.010463628635963815	0.991664036028521
0.01435983383121154	0.9885778631377213
0.018256039026459264	0.9855012960445242
0.022152244221706988	0.9824343052297874
0.02604844941695471	0.9793768600546996
0.029944654612202436	0.9763289302113441
0.037292360142402434	0.9706067433419171
0.049725936012338864	0.9610001150999526
0.062159511882275295	0.9514885712016482
0.07459308775221173	0.9420711657051376
0.08702666362214816	0.9327469661009701
0.09946023949208459	0.9235150517815968
0.11189381536202102	0.9143745109180256
0.12432739123195745	0.9053244394966447
0.1367609671018939	0.896363941833806
0.15689042255645944	0.8820448911188767
0.17701987801102498	0.867954581316921
0.19714933346559052	0.8540893582158406
0.23179029279726984	0.8307451374587262
0.26643125212894914	0.8080389661144566
0.30107221146062846	0.7859534061072234
0.3357131707923078	0.7644714955297753
0.3703541301239871	0.7435767352458484
0.4049950894556664	0.7232530768027469
0.43963604878734575	0.7034849105179717
0.47427700811902507	0.684257053519185
0.5199681874931172	0.6596970448849875
0.5656593668672094	0.636018567390013
0.6113505462413016	0.6131899823068737
0.6570417256153938	0.5911807846695294
0.7027329049894859	0.5699615627349701
0.7484240843635781	0.5495039608134409
0.7941152637376703	0.5297806421916015
0.8859422804325626	0.49225724094749523
0.977769297127455	0.4573915612928779
1.036354895387843	0.43644892546227504
1.094940493648231	0.41646518975769964
1.153526091908619	0.3973964515597735
1.212111690169007	0.37920081694010943
1.270697288429395	0.36183830825458957
1.329282886689783	0.34527077821208824
1.387868484950171	0.3294618270781092
1.446454083210559	0.3143767221769004
1.505039681470947	0.2999823208538217
1.563625279731335	0.28624699762592176
1.622210877991723	0.2731405750565761
1.680796476252111	0.2606342576201363
1.739382074512499	0.24870056832377488
1.797967672772887	0.23731328820729794
1.856553271033275	0.2264473987410503
1.915138869293663	0.2160790269268313
1.973724467554051	0.20618539287470627
2.032310065814439	0.19674475973098948
2.090895664074827	0.18773638589761601
2.1494812623352146	0.17914047946373543
2.2080668605956024	0.17093815473460838
2.26665245885599	0.16311139074298386
2.325238057116378	0.155642991651284
2.3838236553767658	0.14851654896721142
2.4424092536371536	0.1417164054940405
2.5009948518975413	0.13522762093327878
2.559580450157929	0.1290359390606513
2.618166048418317	0.12312775640342641
2.6767516466787047	0.11749009235208939
2.7353372449390925	0.11211056064139073
2.7939228431994803	0.10697734213747112
2.852508441459868	0.10207915887065556
2.911094039720256	0.09740524925693247
2.9696796379806436	0.0929453444540215
3.0282652362410314	0.08868964580019183
3.086850834501419	0.08462880328613354
3.145436432761807	0.0807538950124741
3.2040220310221947	0.0770564075878271
3.2626076292825825	0.0735282174243708
3.3211932275429703	0.07016157288987836
3.379778825803358	0.06694907727696096
3.438364424063746	0.06388367255208707
3.4969500223241337	0.06095862384867876
3.5555356205845214	0.05816750467022738
3.6141212188449092	0.05550418277092137
3.672706817105297	0.052962806682760065
3.731292415365685	0.0505377928595495
3.7898780136260726	0.04822381340953603
3.8484636118864604	0.0460157843897279
3.907049210146848	0.04390885463618701
3.965634808407236	0.041898395105749386
4.024220406667624	0.039979988705757
4.0828060049280115	0.03814942058945652
4.141391603188399	0.03640266889574385
4.199977201448787	0.034735895912909195
4.258562799709175	0.033145439646968644
4.317148397969563	0.03162780577605747
4.37573399622995	0.030179659973208414
4.434319594490338	0.028797820580647775
4.522448327189822	0.02683740798303951
4.610577059889305	0.025010450966143752
4.698705792588789	0.023307864298592412
4.786834525288272	0.021721181112687598
4.874963257987756	0.020242511214720534
4.963091990687239	0.018864501761093885
5.051220723386723	0.017580300402137393
5.139349456086206	0.016383521121292776
5.22747818878569	0.015268212593743814
5.315606921485173	0.014228828685719773
5.403735654184657	0.013260200856755723
5.49186438688414	0.012357512403157902
5.579993119583624	0.011516274492836698
5.668121852283107	0.010732303866376844
5.756250584982591	0.010001702051015185
5.844379317682074	0.009320835969644174
5.932508050381558	0.00868631986415753
6.020636783081041	0.008094998457235617
6.108765515780525	0.007543931266584179
6.1968942484800085	0.00703037798552083
6.285022981179492	0.006551784854999113
6.3731517138789755	0.006105771962536084
6.461280446578459	0.005690121407361296
6.5494091792779425	0.005302766272307257
6.637537911977426	0.0049417803460712045
6.7256666446769096	0.00460536854442612
6.813795377376393	0.004291857983402182
6.901924110075877	0.003999689660480446
6.99005284277536	0.0037274107022761305
7.078181575474844	0.003473667139875178
7.166310308174327	0.0032371971758586022
7.254439040873811	0.0030168249096637306
7.342567773573294	0.002811454490154521
7.430696506272778	0.002620064666287329
7.518825238972261	0.0024417037087210887
7.606953971671745	0.002275484677114866
7.739290692501974	0.002046894626660287
7.871627413332204	0.0018412686137523361
8.003964134162434	0.0016562994912079675
8.136300854992664	0.0014899117846349044
8.268637575822893	0.0013402387966807326
8.400974296653123	0.0012056015633769013
8.533311017483353	0.0010844897324236353
8.665647738313583	9.755445440150603E-4
8.797984459143812	8.775437045098498E-4
8.930321179974042	7.893877628894777E-4
9.062657900804272	7.100877538191835E-4
9.194994621634502	6.387540481299366E-4
9.327331342464731	5.74586361776652E-4
9.459668063294961	5.168648016987478E-4
9.59200478412519	4.6494180493737643E-4
9.72434150495542	4.1823486772473865E-4
9.85667822578565	3.7622000004850013E-4
9.98901494661588	3.384258459632604E-4
10.12135166744611	3.044284005067594E-4
10.25368838827634	2.738462555477598E-4
10.38602510910657	2.4633631940791E-4
10.518361829936799	2.2158996583402366E-4
10.650698550767029	1.9932957154402854E-4
10.783035271597258	1.7930540264210354E-4
10.915371992427488	1.612928133616529E-4
11.117406347604232	1.372214022247942E-4
11.319440702780977	1.1674279606364799E-4
11.521475057957721	9.932057553772141E-5
11.723509413134465	8.449828401541014E-5
11.92554376831121	7.188786199314643E-5
12.127578123487954	6.11593688173137E-5
12.329612478664698	5.203204882475065E-5
12.531646833841442	4.4266912580248666E-5
12.733681189018187	3.766060795551755E-5
12.935715544194931	3.204018667399757E-5
13.137749899371675	2.7258547914585802E-5
13.33978425454842	2.3190529144294306E-5
13.541818609725164	1.972962127739791E-5
13.743852964901908	1.6785207763969077E-5
13.945887320078652	1.4280207862307858E-5
14.147921675255397	1.2149050688229725E-5
14.453416657674191	9.51509914104161E-6
14.758911640092986	7.452561118207325E-6
15.06440662251178	5.837305238343459E-6
15.369901604930575	4.572051537249196E-6
15.67539658734937	3.5808969065256325E-6
15.980891569768165	2.804584078922323E-6
16.286386552186958	2.1966308995996805E-6
16.59188153460575	1.7204982029120691E-6
16.897376517024544	1.3475490675761493E-6
17.202871499443336	1.0554162521688405E-6
17.50836648186213	8.266146648015176E-7
17.99399034885864	5.60778297547223E-7
18.479614215855154	3.809161460530649E-7
18.965238082851666	2.5901800205063913E-7
19.45086194984818	1.7603201197079329E-7
19.93648581684469	1.1944633737522758E-7
20.422109683841203	8.102134024308171E-8
21.259379777232745	4.228819635792363E-8
22.096649870624287	2.380189077333845E-8
22.93391996401583	1.4376859229239678E-8
23.77119005740737	8.239251756939094E-9
24.608460150798912	4.061975709533072E-9
25.445730244190454	1.9442834933773642E-9
26.283000337581996	1.2410532152027208E-9
27.120270430973537	8.804413366450018E-10
28.283000337581996	4.882942337594257E-10
29.120270430973537	2.4916354875989237E-10
30.283000337581996	2.6301715166848214E-11
31.120270430973537	-1.9868038324874846E-11
32.283000337581996	7.53195934982776E-12
33.120270430973534	2.1972191344102127E-11
34.283000337581996	1.1603625669994362E-11
35.120270430973534	4.727727888163152E-13
36.283000337581996	-6.001251729871638E-12
37.120270430973534	-4.765259736874103E-12
38.283000337581996	-1.5810228014297406E-12
39.120270430973534	-3.49641727797057E-13
40.283000337581996	1.6948070162230818E-13
41.120270430973534	1.6573054796878688E-13
42.283000337581996	1.1313982283671041E-13
43.120270430973534	6.921625535149641E-14
44.283000337581996	3.5859927512163896E-14
45.120270430973534	2.153208787054613E-14
46.283000337581996	1.1155459178262679E-14
47.120270430973534	6.698293720133117E-15
48.283000337581996	3.470287814549171E-15
49.120270430973534	2.083733775884724E-15
50.283000337581996	1.0795519326783993E-15
51.120270430973534	6.482167892566707E-16
52.283000337581996	3.358316190558015E-16
53.120270430973534	2.016500431758958E-16
54.283000337581996	1.04471932237501E-16
55.120270430973534	6.273015538438893E-17
56.283000337581996	3.249957420960852E-17
57.120270430973534	1.9514364254894225E-17
58.283000337581996	1.0110106142238194E-17
59.120270430973534	6.070611653027442E-18
60.283000337581996	3.1450949341084836E-18
61.120270430973534	1.888471761647575E-18
62.283000337581996	9.783895446190654E-19
63.120270430973534	5.8747384915682295E-19
64.283000337582	3.0436159110141825E-19
65.12027043097353	1.8275386954326744E-19
66.283000337582	9.468210132921436E-20
67.12027043097353	5.685185286285304E-20
68.283000337582	2.945411173490821E-20
69.12027043097353	1.7685716762206643E-20
70.283000337582	9.162710648720832E-21
71.12027043097353	5.501748169009461E-21
72.283000337582	2.850375091525189E-21
73.12027043097353	1.711507275740306E-21
74.283000337582	8.867068353316904E-22
75.12027043097353	5.324229799197424E-22
76.283000337582	2.7584054258740823E-22
77.12027043097353	1.6562841044540854E-22
78.283000337582	8.580965196513179E-23
79.12027043097353	5.1524392036587043E-23
80.283000337582	2.669403236126455E-23
81.12027043097353	1.602842753607739E-23
82.283000337582	8.304093390260894E-24
83.12027043097353	4.986191571107795E-24
84.283000337582	2.583272774263919E-24
85.12027043097353	1.5511257313186746E-24
86.283000337582	8.036155077542481E-25
87.12027043097353	4.825308053345306E-25
88.283000337582	2.499921381655611E-25
89.12027043097353	1.5010774007265514E-25
90.283000337582	7.77686201193877E-26
91.12027043097353	4.669615572854152E-26
92.283000337582	2.41925938937659E-26
93.12027043097353	1.4526439201394814E-26
94.283000337582	7.525935247535251E-27
95.12027043097353	4.518946636603801E-27
96.283000337582	2.341200021742553E-27
97.12027043097353	1.405773185111463E-27
98.283000337582	7.283104838833731E-28
99.12027043097353	4.373139155862289E-28
100.0	2.5729924042733664E-28