SleepFactor_Severe

0.0	5.0
4.019315355854288E-5	4.999839232555167
8.038630711708576E-5	4.999678470279567
1.9007897062982033E-4	4.999239753507216
2.997716341425549E-4	4.998801070954382
4.094642976552894E-4	4.998362425470024
5.19156961168024E-4	4.997923818001569
7.401968362848106E-4	4.997040104087864
0.0011377258016356045	4.995451182519992
0.001851273787979953	4.99260040110632
0.0032946442146759582	4.986838789494483
0.004738014641371963	4.981083826110536
0.006181385068067968	4.975335503847011
0.007624755494763973	4.969593815228187
0.010696217032458693	4.957397662993151
0.013767678570153413	4.9452314445212915
0.016839140107848132	4.9330950880130064
0.019910601645542852	4.920988518192335
0.02298206318323757	4.908911660388617
0.029525954885061052	4.883280104253145
0.03843006967276741	4.848618682261849
0.047334184460473765	4.8142032874808995
0.05623829924818012	4.780032167546617
0.06514241403588647	4.7461035890122645
0.07404652882359283	4.712415833413656
0.0829506436112992	4.678967193293518
0.09185475839900556	4.645755971602566
0.10924080017769373	4.581586225335322
0.1266268419563819	4.518302827818763
0.1440128837350701	4.4558935341525
0.16139892551375828	4.39434627060141
0.19009105064236725	4.294628582832585
0.21878317577097622	4.197173712243525
0.2474753008995852	4.101930313864667
0.27616742602819416	4.008848205782872
0.30485955115680313	3.91787834286353
0.3335516762854121	3.8289727926462382
0.36224380141402107	3.742084710892132
0.39093592654263004	3.6571683167521405
0.4275279450714706	3.55166158876557
0.46411996360031127	3.4491986561074417
0.5007119821291519	3.34969171023259
0.5373040006579926	3.253055472655446
0.5738960191868332	3.1592071229499306
0.6104880377156738	3.068066230993614
0.6470800562445145	2.9795546888445865
0.7157565471206859	2.8202701098670193
0.7844330379968574	2.6695007635301673
0.8347420507545985	2.5641941728230537
0.8850510635123396	2.4630417176747894
0.9353600762700808	2.3658795288036334
1.0113680969751027	2.2263053859693005
1.0637443850864998	2.13494824657226
1.116120673197897	2.047339972291303
1.1684969613092941	1.9633267299255517
1.251756588990045	1.8368141826206537
1.306217203954877	1.7585052520240427
1.3606778189197088	1.683534863644604
1.4151384338845407	1.6117606880982809
1.4695990488493726	1.5430464637620787
1.5240596638142045	1.477261735431212
1.5785202787790364	1.4142816084461804
1.6329808937438683	1.353986513723216
1.6874415087087002	1.2962619807465772
1.7419021236735321	1.2409984191556467
1.796362738638364	1.1880909102336743
1.850823353603196	1.1374390080825458
1.9052839685680278	1.0889465493065758
1.9597445835328597	1.0425214704187091
2.0142051984976916	0.9980756328515255
2.0686658134625233	0.9555246555526375
2.123126428427355	0.9147877548602726
2.1775870433921867	0.8757875912021199
2.2320476583570183	0.8384501222556459
2.28650827332185	0.8027044623393436
2.3409688882866817	0.7684827478240808
2.3954295032515134	0.735720008307915
2.449890118216345	0.7043540432807966
2.5043507331811767	0.6743253040334685
2.5588113481460084	0.6455767805962965
2.61327196311084	0.6180538935034023
2.6677325780756718	0.5917043901757323
2.7221931930405034	0.5664782457208911
2.776653808005335	0.5423275679595725
2.831114422970167	0.5192065065002872
2.8855750379349985	0.4970711656915394
2.94003565289983	0.4758795212859044
2.994496267864662	0.45559134065677603
3.0489568828294935	0.4361681064160326
3.103417497794325	0.4175729432880082
3.157878112759157	0.39977054810125023
3.2123387277239885	0.38272712276507626
3.26679934268882	0.3664103101034974
3.321259957653652	0.35078913242464604
3.3757205726184836	0.33583393270916084
3.4301811875833152	0.3215163183059275
3.484641802548147	0.30780910702826375
3.5391024175129786	0.2946862755481765
3.5935630324778103	0.2821229099907112
3.648023647442642	0.2700951586346118
3.7024842624074736	0.258580186629502
3.7569448773723053	0.24755613264361362
3.811405492337137	0.23700206735975105
3.8658661073019687	0.22689795374069507
3.9203267222668003	0.21722460898861246
3.974787337231632	0.20796366812625203
4.029247952196464	0.1990975491307851
4.083708567161295	0.19060941955409505
4.138169182126127	0.18248316456614422
4.192629797090959	0.1747033563607485
4.24709041205579	0.1672552248656764
4.301551027020622	0.16012462970146524
4.356011641985454	0.15329803333571732
4.410472256950285	0.1467624753819097
4.464932871915117	0.14050554799392312
4.519393486879949	0.13451537230957647
4.5738541018447805	0.1287805758984446
4.628314716809612	0.12329027117114381
4.682775331774444	0.11803403470909439
4.7372359467392755	0.11300188747551805
4.791696561704107	0.10818427587010014
4.846157176668939	0.10357205359134888
4.9006177916337705	0.09915646427221693
4.955078406598602	0.09492912485601883
5.009539021563434	0.09088200968108333
5.063999636528266	0.08700743524392494
5.118460251493097	0.08329804561200757
5.172920866457929	0.079746798458406
5.227381481422761	0.07634695169185199
5.281842096387592	0.07309205065678182
5.336302711352424	0.06997591587908444
5.390763326317256	0.06699263133428547
5.445223941282087	0.06413653321589377
5.499684556246919	0.061402199182587436
5.554145171211751	0.058784438063824676
5.608605786176582	0.05627828000433555
5.663066401141414	0.053878967028783836
5.717527016106246	0.05158194400868575
5.771987631071077	0.049382850014436326
5.826448246035909	0.04727751003602487
5.880908861000741	0.04526192705672144
5.963003359391565	0.04238483465254853
6.045097857782389	0.03969062621033172
6.127192356173214	0.037167676396386184
6.209286854564038	0.03480509872698218
6.291381352954862	0.03259269901955059
6.373475851345686	0.03052093132000657
6.455570349736511	0.0285808564154733
6.537664848127335	0.026764103173627624
6.619759346518159	0.02506283253840448
6.7018538449089835	0.023469703801712812
6.783948343299808	0.021977842911674355
6.866042841690632	0.02058081275654179
6.948137340081456	0.01927258537596744
7.030231838472281	0.018047515974318105
7.112326336863105	0.016900318580907934
7.194420835253929	0.015826043237073435
7.2765153336447534	0.014820054627427574
7.358609832035578	0.013878012077359518
7.440704330426402	0.012995850828336552
7.522798828817226	0.012169764502023823
7.604893327208051	0.011396188675244891
7.686987825598875	0.010671785498141509
7.769082323989699	0.0099934292916888
7.851176822380523	0.009358193061818981
7.933271320771348	0.008763335870420979
8.015365819162172	0.008206291008390534
8.097460317552995	0.007684654920350716
8.179554815943819	0.007196176833696221
8.261649314334642	0.006738749047062774
8.343743812725466	0.006310397836029863
8.425838311116289	0.0059092749367732535
8.507932809507112	0.005533649571050203
8.590027307897936	0.005181900978182432
8.672121806288759	0.004852511421778922
8.754216304679582	0.004544059640970408
8.836310803070406	0.0042552147178943674
8.91840530146123	0.00398473033499514
9.000499799852053	0.0037314393973732394
9.082594298242876	0.0034942489969725056
9.20612990179709	0.0031654336975485524
9.329665505351302	0.0028675609289185882
9.453201108905516	0.0025977187097095196
9.576736712459729	0.002353268979427715
9.700272316013942	0.0021318222050628797
9.823807919568155	0.0019312139255171586
9.947343523122369	0.001749483307155314
10.070879126676582	0.001584853899129182
10.194414730230795	0.0014357163849764468
10.317950333785008	0.0013006129416414402
10.441485937339221	0.0011782229678332925
10.565021540893435	0.001067350120578486
10.688557144447648	9.669106098619966E-4
10.812092748001861	8.759226283324429E-4
10.935628351556074	7.934967697468582E-4
11.059163955110288	7.188273292326432E-4
11.1826995586645	6.511844170805632E-4
11.306235162218714	5.899068227620915E-4
11.429770765772927	5.343955564596589E-4
11.55330636932714	4.8410799663860363E-4
11.676841972881354	4.385525845347077E-4
11.800377576435567	3.9728401721053066E-4
11.92391317998978	3.598988946358138E-4
12.047448783543993	3.260317774363601E-4
12.170984387098207	2.953516151810878E-4
12.29451999065242	2.675585100510726E-4
12.480901207884479	2.3049620143933132E-4
12.667282425116538	1.985681569661328E-4
12.853663642348597	1.7106294600150745E-4
13.040044859580656	1.473675977233666E-4
13.226426076812714	1.269543258179808E-4
13.412807294044773	1.0936865439904557E-4
13.599188511276832	9.421900521401809E-5
13.785569728508891	8.11679094195557E-5
13.97195094574095	6.992461602509896E-5
14.158332162973009	6.023870388698466E-5
14.344713380205068	5.189447615894899E-5
14.531094597437127	4.4706099524462715E-5
14.717475814669186	3.851345706454765E-5
14.903857031901245	3.317860847981716E-5
15.090238249133304	2.8582732889786794E-5
15.276619466365362	2.4623474690364867E-5
15.463000683597421	2.1212652763063376E-5
15.64938190082948	1.827429593828768E-5
15.931863137627507	1.4578173554585146E-5
16.214344374425536	1.1629955208781254E-5
16.496825611223564	9.278153649555215E-6
16.77930684802159	7.401854342859972E-6
17.061788084819618	5.904855888186286E-6
17.344269321617645	4.71059297306107E-6
17.626750558415672	3.757925859044669E-6
17.9092317952137	2.997957701741268E-6
18.191713032011727	2.3916602147401173E-6
18.474194268809754	1.9079532528839374E-6
18.75667550560778	1.5220742486126473E-6
19.193330733857444	1.0735812482562179E-6
19.629985962107106	7.576866249120046E-7
20.06664119035677	5.349853906764192E-7
20.503296418606432	3.7764349806527693E-7
20.939951646856095	2.6640415821063385E-7
21.376606875105757	1.8790742883672268E-7
22.042898234742584	1.108363299724786E-7
22.70918959437941	6.631416826449691E-8
23.375480954016236	4.0102947911782903E-8
24.041772313653063	2.3995295513034928E-8
24.70806367328989	1.404115549843384E-8
25.374355032926715	8.230586920595375E-9
26.04064639256354	4.994245119503522E-9
26.706937752200368	3.070840777754408E-9
27.95090828013513	1.2597027893518384E-9
28.706937752200368	6.808288674585731E-10
29.95090828013513	1.0777598698398558E-10
30.706937752200368	2.5814926009545405E-11
31.85077658643364	5.874682173194498E-11
32.70693775220037	6.591054514790859E-11
33.85077658643364	2.2421280007846843E-11
34.70693775220037	-4.691695065569316E-12
35.85077658643364	-1.2366763974889302E-11
36.70693775220037	-7.744395801944406E-12
37.85077658643364	-1.3410852892246025E-12
38.70693775220037	4.1006330516863105E-13
39.85077658643364	5.54820485657799E-13
40.70693775220037	3.6447204974718175E-13
41.85077658643364	1.8043170714946157E-13
42.70693775220037	9.405768919299847E-14
43.85077658643364	4.911446419818637E-14
44.70693775220037	2.923650939670372E-14
45.85077658643364	1.5266540210677007E-14
46.70693775220037	9.087757621112523E-15
47.85077658643364	4.74538924141344E-15
48.70693775220037	2.824801601979205E-15
49.85077658643364	1.4750374833961027E-15
50.70693775220037	8.780498361891205E-16
51.85077658643364	4.584946495928443E-16
52.70693775220037	2.729294384042965E-16
53.85077658643364	1.425166113211333E-16
54.70693775220037	8.483627611729362E-17
55.85077658643364	4.4299283580507854E-17
56.70693775220037	2.6370162879932067E-17
57.85077658643364	1.3769809059831686E-17
58.70693775220037	8.196794132650464E-18
59.85077658643364	4.2801514204995436E-18
60.70693775220037	2.5478581364464503E-18
61.85077658643364	1.330424852138668E-18
62.70693775220037	7.919658562117994E-19
63.85077658643364	4.1354384770378364E-19
64.70693775220036	2.461714443332678E-19
65.85077658643364	1.2854428696121899E-19
66.70693775220036	7.651893011524011E-20
67.85077658643364	3.995618312814047E-20
68.70693775220036	2.3784832890911097E-20
69.85077658643364	1.2419817386759085E-20
70.70693775220036	7.393180678252759E-21
71.85077658643364	3.860525501791643E-21
72.70693775220036	2.2980662000857207E-21
73.85077658643364	1.1999900389737281E-21
74.70693775220036	7.143215470860799E-22
75.85077658643364	3.730000211027972E-22
76.70693775220036	2.220368032097672E-22
77.85077658643364	1.159418088684094E-22
78.70693775220036	6.901701646929588E-23
79.85077658643364	3.6038880115704024E-23
80.70693775220036	2.1452968577569227E-23
81.85077658643364	1.1202178857397233E-23
82.70693775220036	6.668353463162503E-24
83.85077658643364	3.482039686833023E-24
84.70693775220036	2.0727638495264692E-24
85.85077658643364	1.0823430439545188E-24
86.70693775220036	6.442894786003473E-25
87.85077658643364	3.364311065225689E-25
88.70693775220036	2.002683191961016E-25
89.85077658643364	1.0457487583830797E-25
90.70693775220036	6.22505892239011E-26
91.85077658643364	3.250562877384797E-26
92.70693775220036	1.9349719787323732E-26
93.85077658643364	1.0103917346427797E-26
94.70693775220036	6.01458814311419E-27
95.85077658643364	3.1406605438618432E-27
96.70693775220036	1.869550098342443E-27
97.85077658643364	9.762301406056E-28
98.70693775220036	5.811233432855654E-28
99.85077658643364	3.034474035372709E-28
100.0	2.710855541318094E-28
